2903848
2903866
2903875
2903880
2903888
2903895
2903904
2904600
2904601
2904609
2904617
2905020
2905031
2905049
2905107
2905129
2905139
2905166
2905186
2905198
2905927
2905932
2905940
2905952
2905967
2905976
2905986
2905999
2906035
2906040
2906047
2906055
2906060
2906086
2906100
2906112
2906122
2906703
2906704
2906711
2906714
2906716
2906729
2906732
2906738
2906960
2906963
2906992
2907062
2907077
2907078
2907105
2907166
2907193
2907204
2907217
2907222
2907230
2907241
2907272
2908173
2908179
2908182
2908196
2908202
2908208
2908213
2908225
2908247
2908256
2908263
2908267
2908354
2908359
2908366
2908376
2908393
2908406
2908414
2908419
2908423
2909214_2062
2909214_2063
2909214_2064
2909246_2690
2909246_2691
2909277_2510
2909277_2511
2909632_1733
2909632_1734
2909696
2909713
2909729
2909743
2909760
2909803
2909812
2909822_2196
2909822_2197
2909838
2909851
2909873
2909881
2909910
2910790
2910803
2910812
2910824
2910830
2910868
2910875_1875
2910875_1876
2910887_2234
2910887_2235
2910887_2236
2910887_2237
2910887_2238
2910887_2239
2910968
2910980
2910991
2910993
2911006
2911012
2911019
2911027
2913136
2913138
2913152
2913158
2913163
2913178
2913183
2913190
2913692
2913703
2913717
2913725
2913736
2913749
2913820
2913831
2913851
2913868
2913883
2914242
2914263
2914363
2914438
2914803
2914813
2914821
2914829
2914842
2914883
2914890
2914900
2914913
2914986
2915001
2915027
2915033
2915039
2915825
2915863
2915891
2915921
2915939
2916305
2916347
2916374
2916398
2916417
2916457
2916490
2916558
2916585
2916612
2916639
2916656
2917501
2917509
2917522
2917529
2917535
2917542
2917561
2917570
2917578
2917585
2917813
2917834
2920649
2920674
2920699
2920737
2920782
2920813
2920861
2921812
2921829
2921842
2922015
2923031
2923042
2923444
2923458
2923479
2923510
2923530
2923536
2923653
2924637
2924641
2924655
2924666
2924677
2924715
2924725
2924733
2924744
2925864
2925895
2925917
2926008
2926024
2926035
2926062
2926082
2926117
2926144
2926576
2926975
2926991
2927009
2927022
2927040
2927060
2927121
2927183
2927196
2927201
2927907
2927920
2927933
2927951
2928002
2929387
2929430
2929478
2929487
2929495
2929502
2929519
2929533
2929537
2929547
2930491
2930509
2930545
2931159
2931183
2931205
2931317
2931364
2931397
2932470
2932482
2932520
2932544
2932555
2932569
2932626
2932634
2932646
2932651
2932665
2932676
2932687
2932694
2936474
2936480
2936484
2936488
2936502
2936526
2936528
2936530
2936541
2936957_2477
2936957_2478
2936957_2479
2936957_2480
2941878
2941883
2941888
2941895
2941901
2941912
2941919
2941922
2941928
2942042
2942244_1872
2942244_1873
2942290_2183
2942290_2184
2942290_2185
2942311_1842
2942311_1843
2942311_1844
2942553_2656
2942553_2657
2943160_1883
2943160_1884
2943160_1885
2943212_2221
2943212_2222
2943212_2223
2943212_2224
2943212_2225
2944013
2944018
2944020
2944025
2944029
2944038
2944358
2944364
2944370
2944379
2944393
2944398
2944761_2170
2944761_2171
2944761_2172
2944761_2173
2944761_2174
2944761_2175
2944761_2176
2944761_2177
2944761_2178
2944804_1944
2944804_1945
2944846
2944855
2944861
2945048
2946026
2946036
2946047
2946069
2946090
2946107
2946133
2946152
2946349
2946360
2949859_1690
2949859_1691
2949859_1692
2949859_1693
2949957_2243
2949957_2244
2949957_2245
2950000_1951
2950000_1952
2950031
2950043_2482
2950043_2483
3045428
3050756
3052863
3055315
3055324
3055329
3055371
3055400
3055418
3055429
3055464
3055467
3055473
3055476
3055489
3055498
3055500
3055502
3055507
3055511
3055517
3055729
3055730
3055734
3055746
3055762
3055772
3055777
3055800
3055808
3055816
3055837
3056887
3056898
3056908
3056915
3056924
3056946
3056955
3056967
3056982
3057515
3057521
3057525
3057534
3057537
3057540
3057588
3057593
3057602
3057620
3057636
3057645
3057654
3057664
3057671
3057676
3057680
3057691
3057698
3057704
3057710
3057990
3057996
3058001
3058003
3058007
3058010
3058022
3058045
3058067
3058081
3058089
3058093
3058099
3058127
3069238
3069244
3069250
3069256
3069266
3069280
3069292
3069305
3069318
3069324
3069354
3069370
3069379
3069401
3069409
3069414
3069427
3069934
3069955
3069956
3069961
3069967
3069973
3069981
3069984
3069987
3070017
3070022
3070027
3070188
3070196
3070203
3070209
3070218
3070224
3070229
3070240
3070261
3070271
3070278
3070288
3070293
3070303
3070307
3070309
3070316
3071390
3071406
3071439
3071458
3071472
3071481
3071501
3071519
3071530
3071534
3071551
3071555
3071558
3071561
3072454
3072459
3072464
3072472
3072476
3072488
3072507
3072510
3072517
3072522
3072527
3072533
3072537
3072542
3073880
3073884
3073912
3073922
3073953_1665
3073953_1668
3073953_1669
3073993
3073999
3074920_2024
3074920_2025
3074920_2026
3074959_2385
3074959_2386
3074959_2387
3074959_2388
3074959_2389
3074995_2322
3074995_2323
3074995_2324
3074995_2325
3076039
3076053
3076067
3076085
3076122
3076147
3076542
3076556
3076570
3076580
3076593
3076603
3076613
3076622
3076659
3076680
3076689
3076698
3076709
3076724
3076925
3076936
3076946
3076959
3076965
3077006
3077021
3077039
3079221
3079227
3079243
3079268
3079288
3079301
3079318
3079335
3079344
3079353
3080625
3080643
3080659
3080687
3080713
3080730
3080750
3081208
3081223
3081236
3081252
3081287
3081345
3081349
3081354
3081358
3081364
3081377
3081723
3081733
3081743
3081756
3081766
3081777
3081790
3081821
3081832
3081839
3081848
3081851
3082288
3082441
3083218
3083231
3083246
3083259
3083276
3083336
3083359
3083385
3083827
3083836
3083844
3083860
3083870
3083876
3083897
3083905
3083957
3083987
3084002
3084011
3084022
3084029
3084294
3084300
3084312
3084323
3084346
3084355
3084365
3084378
3084391
3085554
3085563
3085584
3085597
3085617
3085639
3086045
3086052
3086058
3086063
3086079
3086096
3086109
3086161
3086168
3086175
3086182
3086190
3086201
3086208
3086578
3086595
3086601
3086615
3086627
3086634
3086645
3086653
3086662
3086676
3107807
3107818
3107822
3107826
3107831
3107842
3107856
3107863
3108324
3108333
3108337
3108365
3108385
3108393
3108830
3108840
3108851
3108866
3108872
3108880
3110064
3110087
3110105
3110150
3111077
3111084
3111091
3111105
3111121
3111132
3112456
3112473
3112496
3112512
3112523
3112537
3113047
3113056
3113062
3113074
3113092
3113112
3113123
3113140
3113173
3113195
3113847
3113854
3113860
3113872
3113902
3113913
3113924
3113930
3114269
3114284
3114295
3114305
3114313
3114405
3114421
3114437
3114730
3114753
3114783
3114806
3116102
3116108
3116115
3116119
3116126
3116135
3116728
3116736
3116741
3116764
3116776
3117174
3117178
3117185
3117188
3117194
3127408
3127420
3127428
3127441
3127448
3127453
3127463
3127945
3127964
3127975
3127993
3128349
3128357
3128369
3128383
3128389
3128820
3128832
3128846
3128855
3128870
3128886
3130130
3130142
3130154
3130166
3130182
3130190
3130197
3130203
3130802
3132162
3132169
3132189
3132224
3132233
3132240
3132249
3132738
3132766
3132783
3132795
3132814
3133247
3133253
3133270
3133276
3133285
3133293
3133307
3133693
3133714
3133729
3133735
3133742
3134143
3134156
3134615
3134634
3134646
3134662
3134678
3134711
3135277
3135319
3135342
3135382
3135393
3135866
3135888
3135913
3135925
3136289
3136298
3136306
3136318
3136323
3136328
3136334
3136828
3136841
3136864
3136880
3136895
3136905
3137308
3137328
3137335
3137350
3137364
3137787
3137804
3137825
3137840
3137856
3138330
3138959
3138977
3139015
3139025
3139030
3139613
3139622
3139643
3139668
3140167
3140182
3140191
3140196
3140211
3140223
3140235
3141201
3141204
3141207
3141220
3141734
3141743
3141749
3141760
3141768
3141777
3141794
3141805
3142127
3142134
3142143
3142150
3142158
3142192
3142211
3143095
3143109
3143146
3143163
3143171
3143179
3143182
3143470
3143474
3143487
3143494
3143503
3143868
3143873
3143880
3144621
3144632
3144647
3144654
3144681
3144694
3144710
3145128
3145146
3145167
3145183
3145201
3145207
3145213
3145797
3145807
3145849
3145857
3146212
3146228
3146234
3146238
3146643
3149942
3149961
3149972
3149989
3150023
3150032
3150035
3150043
3150556
3150627
3150640
3150648
3151030
3151048
3151057
3151082
3151091
3151107
3151111
3151547
3151557
3151567
3151579
3151589
3151596
3151602
3152354
3152358
3152373
3152396
3152416
3152439
3152447
3152764
3152775
3152789
3152806
3152811
3152822
3154159
3154184
3154212
3154225
3154881
3154900
3154920
3155307
3155327
3155343
3155351
3155358
3155766
3155798
3155817
3155830
3155845
3155858
3155869
3156209
3156219
3156232
3156262
3156270
3156657
3156670
3156788
3157283
3157308
3157326
3157337
3157354
3157742
3157758
3157768
3157781
3157787
3158216
3158239
3158259
3158301
3158310
3158322
3158647
3158655
3159523
3159532
3159549
3159558
3159565
3159579
3160091
3160099
3160105
3160122
3160138
3160555
3160564
3160579
3160587
3160597
3160614
3160627
3161508
3161517
3161565
3161591
3161606
3161689
3162157
3162162
3162178
3162186
3162200
3162210
3162226
3162247
3162257
3163338
3163346
3163353
3163363
3163372
3163382
3163391
3163401
3163409
3164291
3174196
3174378
3217264
3259929
3260070
3260105
3260107
3260112
3260122
3266536_2000
3266536_2001
3266633
3266665
3266694
3269744_3689
3269744_3690
3270249
3270300
3270324
3270372
3270397
3270495
3270511
3309370
3309382
3309436
3315388
3315491
3315540
3315894
3315924
3315957
3315983
3317008
3317036
3317084
3317142
3318453
3319010
3319017
3319041
3321877
3321897
3908770
469077
5174144
5174246
5174272
5174311
5348657
5519828
5519829_4340
5519829_4341
5519830
5519831
5519832
5519834
5519836
5520029
5520052
5520057
5520066_2320
5520066_2321
5520072
5520087
5520104
5520115
5544228
5545435
5545832
5546018
5546020
5547852
5555321
5566828
5595677
5596971
5596985
5597049
5599787
5600686
5600691
5601441
5601448
5602357
5614142
5614163
5614263
5614599
5614690
5614719
5614840
5743361
6062774
6068891
6068900
6068908
6068917
6068923
6068935
6068945
6068947
6068950
6068958
6068964
6069203
6069207
6272660
6272721_6466
6272721_6467
6272721_6468
6272721_6469
7043472
7043495
7134083
7134088_8250
7134088_8271
7134088_8298
7134088_8302
7134088_8316
7134088_8405
