4396626
4396630
4396634
4396643_1111
4396643_1112
4396643_1113
4396646
4396730
4396732
4396767
4399242
4399247
4399251
4399259
4399264
4399265
4399267_1130
4399267_1131
4399267_1132
4399267_1133
4399267_1134
4399267_1135
4399267_1136
4399275
4399279
4399291
4399298
4399308
4399310
4399317
4399528
4399529
4399530
4399537
4399542
4399754
4399757
4399769
4399788
4399804
4399809
4399907_1151
4399907_1152
4399908
4399912
4399915
4399923
4399933
4399936
4399939
4399945
4399947_1224
4399947_1225
4399948
4399950
4399951
4399952
4399954
4399956
4399960
4399962
4399973
4399985
4399987
4399988
4399991
4399993
4399997
