4286466
4286469
4287342
4287347
4287354
4287360
4287372
4287405
4287408
4287414
4287421
4287426
4287442
4287454
4287475
4290065
4290082
4290116
4290122
4290136
4290144
4290165
4290172
4290178
4290184
4290193
4301939
4301958
4301969
4301989
4301999
4302012
4302020
4302030
4302039
4302047
4302050
4302059
4302074
4302077
4302092
4302112
4302116
4302129
4302132
4302133
4302138
4302147
4302154
4302158
4302160
4302162
4302168
4302172
4302181
4302807
4302811
4302817
4302819
4302822
4302827
4302831
4302836
4302844
4302852
4302866
4302870
4302875
4302878
4302883
4302911
4303392
4303398
4303406
4303557
4303560
4303570
4303576
4303585_1505
4303585_633
4303585_783
4303595
4303607
4303611
4303614
4303619
4303622
4304130
4304136
4304139
4304144
4304150
4304154
4304161
4304167
4304170
4304173
4304178
4304182
4304185
4304191
4304194
4304198
4304368
4304371
4304373
4304380
4304383
4304386
4304393
4304397
4304406
4304412
4304414
4304416
4304420
4304424
4304427
4304445
4304447
4304451
4304452
4304454
4304455
4304456
4304458
4304461
4304469
4304471
4304480
4304483
4304496
4304497
4304501
4304504
4304507
4304510
4304517
4304520
4304521
4304525
4304528
4304531
4304534
4304535
4304539_522
4304539_523
4304541
4304544
4305308
4305311
4305312
4305314
4305320
4305323
4305325
4305333
4305344
4305346
4305352
4305359
4305362
4305365
4305393
4305397
4305402
4305414
4305419
4305420
4305425
4305432
4305442
4305450
4305463
4305474
4305483
4305806
4305819
4305845
4305859
4305875
4305885
4305889
4305898
4305909
4305922
4305931
4305941
4305946
4305951
4305957_485
4305957_486
4305957_487
4305957_796
4305961
4305968
4305971
4305975
4305982
4305987
4305994
4306002_507
4306002_508
4306009
4306126
4306128
4306129
4306132
4306134
4306136
4306138
4306139
4306141
4306142
4306144
4306145
4306148
4306154
4306157
4306162
4306164
4306167
4306170
4306176
4306184
4320627
4320874
4378392
4387457
4387476
4387485
4387493
4387500
4387505
4387509
4387515
4387520
4387526
4387532
4387540
4387549
4387555
4387569
4387588
4387597
4387604
4387609
4387615
4387619
4387631
4387643
4387653
4387659
4387662
4387666
4387677
4388541
4388545
4388551
4388553
4388564
4388565
4388574
4388578
4388579
4388581
4388583
4388594
4388595
4388600
4388604
4388606
4388610
4388611
4388613
4388616
4388618
4388620
4388624
4388627
4388633
4388637
4388645
4388652
4388656
4388660
4388664
4388670
4388675
4388678
4388685
4388695
4388698
4388702
4388704
4388708
4388718
4388724
4388727
4388735
4388737
4388740
4388743
4390192
4390199
4390204
4390206
4390211
4390216
4390220
4390224
4390228
4390229
4390233
4390241
4390245
4390247
4390249
4391380
4391392
4391399
4391407
4391411
4391414
4391418
4391421
4391434
4391440
4391447
4391450
4391455
4391462
4391470
4391474
4391478
4391486_953
4391486_954
4391486_955
4391486_956
4391486_957
4391486_958
4391486_959
4391486_960
4391486_961
4391486_962
4391486_963
4391486_964
4391500_1003
4391500_1004
4391500_1005
4391500_1006
4391511
4391519
4391524
4391529
4391536
4391543_1024
4391543_1025
4391549
4396482
4396485
4396493
4396498
4396506
4396509
4396526
4396536
4396542
4396545
4396550
4396554
4396557
4396558
4396563
4396565
4396575
4396582
4396589
4396626
4396630
4396634
4396643_1111
4396643_1112
4396643_1113
4396646
4396730
4396732
4396767
4399242
4399247
4399251
4399259
4399264
4399265
4399267_1130
4399267_1131
4399267_1132
4399267_1133
4399267_1134
4399267_1135
4399267_1136
4399275
4399279
4399291
4399298
4399308
4399310
4399317
4399528
4399529
4399530
4399537
4399542
4399754
4399757
4399769
4399788
4399804
4399809
4399907_1151
4399907_1152
4399908
4399912
4399915
4399923
4399933
4399936
4399939
4399945
4399947_1224
4399947_1225
4399948
4399950
4399951
4399952
4399954
4399956
4399960
4399962
4399973
4399985
4399987
4399988
4399991
4399993
4399997
