4400001
4400017_1223
4400017_1572
4400024
4400027
4400029
4400033
4400045
4400047
4400049
4400448
4400449
4400450
4400452
4400453
4400454
4400456
4400457
4400460
4400461
4400463
4400469
4400471
4400473
4400477
4400481
4400483
4400485
4400488
4400491
4400522_1191
4400522_1192
4400530
4400541
4400549
4400552
4400555
4400559
4400561
4400564
4400565
4400567
4400577
4400581_1200
4400581_1201
4400584
4400588
4400591
4400634
4400636
4400638
4400641
4400644
4400648
4400656
4400658
4400660
4400663
4400665
4400671
4400674
4400679
4400681
4400683
4400684
4400688
4400690
4462234
4462279
4462313_1064
4462313_1607
4462354
4462395
4462439
4462483
4462538
4462610
4462646
4462692
4462816
4462884
4462929
4462975
4463012
4463043
4463083
4463127
4463172
4463208
4463248
4463302
4463391
4463424
4463460
4463512
4463586
4463618
4463660
4464485
4483028
4494274
4500929
4500941_1284
4500941_1285
4500949_1276
4500949_1277
4500950
4500954
4500960
4500962
4500967
4502476
4502479
4502481
4502486
4502492
4502496
4502500
4502503
4502509
4502517
4502533_1244
4502533_1245
4502533_1246
4502533_1247
4502533_1248
4502533_1249
4502533_1280
4502533_1281
4502533_1547
4502543
4502544
4502552
4502556
4502560
4502563
4502568
4502570
4502573
4502578
4502580
4502586
4502589
4502591
4506905
4600340
4600345
4600382
4600392
4600401
4600414
4600422
4600426
4600468
4600473
4600474_400
4600474_401
4600474_402
4600479
4600484
4600489
4600497
4600501
4600505
4600506
4600510
4600514
4600519
4600524
4600527
4600532
4600541
4600546
4601325
4601347
4601354
4601360
4601365
4601369
4601373
4601379
4601382
4601389
4601398
4601421
4601423
4601425
4601426
4601432
4601439
4601449
4601450
4601455
4601457
4601459
4601461
4601462
4601466
4601468
4601476
4601477
4601480
4601486
4601487
4601489
4601491
4601493
4601500
4601502
4601505
4601514
4601517
4601521
4601523
4602924
4602928
4602939
4602943
4613220
4613225
4613229
4613233
4613236
4613237
4613246
4613249
4613252
4613258
4613266
4613981
4613985
4613988
4613995
4614015
4614018
4614019
4614027
4614028
4614037_1495
4614037_1569
4614037_1570
4614056
4614061
4614072
4614081
4614095
4614100
4614102
4614105
4614110
4614131
4614138
4614142
4614152
4614170
4614172
4614175
4614188
4614830
4614843
4614844
4614849
4614853
4614855
4614857
4614865_1525
4614865_1526
4614865_1528
4614873
4614876
4614883
4614887
4614897
4614912
4614919
4614921
4614923
4614928
4614956
4614958
4614965
4614966
4614985
4614986
4614989
4614990
4614994
4615003
4615008
4615026
4615027_1473
4615027_1475
4636061
4763120
4763131
4764947
4764959
4765023
4765092
4765094
4765378
4765382
4765386
4765388
4765389
4765391
4765394
4765395
4765397
4765399
4765402
4765405
4765408
4765412
4765415
4765416
4765422
4765424
4765425
4765430
4765445
4765449
4765450
4765456
4765474
4765484
4765522
4765525
4766369
4766375
4766379
4766392
4766400
4766405
4766412
4766415
4766418
4766420
4766425
4768862
4800136
4800251
4811025
4811035
4828949
4830500
4830512
5003730
5719873
5720580
5721588
5721603
5721611
5721623
5721634
5721691
5721697
5721701
5721718
5722415
5722422
5722444
5722464
5722479
5722697
5724113
5724126
5725231
5725234
5725235
5725255
5725257
5725265
5725266
5725268
5738262
5738553
5738561
5738567
6057644
6057658
6057665
6057683
6058053
6058064
6058073
6058080
6058099
6058105
6058435
6058441
6058833
6058839
6058845
6058852
6058858
6058873
6058880
6058883
6058887
6058893
6058902
6058909
6058912
6058924
6058929
6058935
6060088
6060091
6060105
6060112
6060120
6060126
6060424
6060429
6060437
6060451
6060454
6060458
6060461
6060464
6060485
6060493
6060503
6060511
6060839_5313
6060839_5314
6060844
6060849
6060857
6060866
6060874
6060879
6060882
6060889
6062431
6062462
6062475
6062485
6062752
7044258
