3113195
3113847
3113854
3113860
3113872
3113902
3113913
3113924
3113930
3114269
3114284
3114295
3114305
3114313
3114405
3114421
3114437
3114730
3114753
3114783
3114806
3116102
3116108
3116115
3116119
3116126
3116135
3116728
3116736
3116741
3116764
3116776
3117174
3117178
3117185
3117188
3117194
3127408
3127420
3127428
3127441
3127448
3127453
3127463
3127945
3127964
3127975
3127993
3128349
3128357
3128369
3128383
3128389
3128820
3128832
3128846
3128855
3128870
3128886
3130130
3130142
3130154
3130166
3130182
3130190
3130197
3130203
3130802
3132162
3132169
3132189
3132224
3132233
3132240
3132249
3132738
3132766
3132783
3132795
3132814
3133247
3133253
3133270
3133276
3133285
3133293
3133307
3133693
3133714
3133729
3133735
3133742
3134143
3134156
3134615
3134634
3134646
3134662
3134678
3134711
3135277
3135319
3135342
3135382
3135393
3135866
3135888
3135913
3135925
3136289
3136298
3136306
3136318
3136323
3136328
3136334
3136828
3136841
3136864
3136880
3136895
3136905
3137308
3137328
3137335
3137350
3137364
3137787
3137804
3137825
3137840
3137856
3138330
3138959
3138977
3139015
3139025
3139030
3139613
3139622
3139643
3139668
3140167
3140182
3140191
3140196
3140211
3140223
3140235
3141201
3141204
3141207
3141220
3141734
3141743
3141749
3141760
3141768
3141777
3141794
3141805
3142127
3142134
3142143
3142150
3142158
3142192
3142211
3143095
3143109
3143146
3143163
3143171
3143179
3143182
3143470
3143474
3143487
3143494
3143503
3143868
3143873
3143880
3144621
3144632
3144647
3144654
3144681
3144694
3144710
3145128
3145146
3145167
3145183
3145201
3145207
3145213
3145797
3145807
3145849
3145857
3146212
3146228
3146234
3146238
3146643
3149942
3149961
3149972
3149989
3150023
3150032
3150035
3150043
3150556
3150627
3150640
3150648
3151030
3151048
3151057
3151082
3151091
3151107
3151111
3151547
3151557
3151567
3151579
3151589
3151596
3151602
3152354
3152358
3152373
3152396
3152416
3152439
3152447
3152764
3152775
3152789
3152806
3152811
3152822
3154159
3154184
3154212
3154225
3154881
3154900
3154920
3155307
3155327
3155343
3155351
3155358
3155766
3155798
3155817
3155830
3155845
3155858
3155869
3156209
3156219
3156232
3156262
3156270
3156657
3156670
3156788
3157283
3157308
3157326
3157337
3157354
3157742
3157758
3157768
3157781
3157787
3158216
3158239
3158259
3158301
3158310
3158322
3158647
3158655
3159523
3159532
3159549
3159558
3159565
3159579
3160091
3160099
3160105
3160122
3160138
3160555
3160564
3160579
3160587
3160597
3160614
3160627
3161508
3161517
3161565
3161591
3161606
3161689
3162157
3162162
3162178
3162186
3162200
3162210
3162226
3162247
3162257
3163338
3163346
3163353
3163363
3163372
3163382
3163391
3163401
3163409
3164291
3174196
3174378
31.txt
3217264
3259929
3260070
3260105
3260107
3260112
3260122
3260.txt
3262.txt
3266536_2000
3266536_2001
3266633
3266665
3266694
3269744_3689
3269744_3690
3270249
3270300
3270324
3270372
3270397
3270495
3270511
3271.txt
3309370
3309382
3309436
3315388
3315491
3315540
3315894
3315924
3315957
3315983
3317008
3317036
3317084
3317142
3318453
3319010
3319017
3319041
3321877
3321897
3908770
469077
5174144
5174246
5174272
5174311
5348657
5519828
5519829_4340
5519829_4341
5519830
5519831
5519832
5519834
5519836
5520029
5520052
5520057
5520066_2320
5520066_2321
5520072
5520087
5520104
5520115
5544228
5545435
5545832
5546018
5546020
5547852
5555321
5566828
5595677
5596971
5596985
5597049
5599787
5600686
5600691
5601441
5601448
5602357
5614142
5614163
5614263
5614599
5614690
5614719
5614840
5743361
6062774
6068891
6068900
6068908
6068917
6068923
6068935
6068945
6068947
6068950
6068958
6068964
6069203
6069207
6272660
6272721_6466
6272721_6467
6272721_6468
6272721_6469
7043472
7043495
7134083
7134088_8250
7134088_8271
7134088_8298
7134088_8302
7134088_8316
7134088_8405
