890607
890608
890609
890610
890611
890612
890613
890614
890615
890616
890617
890618
890619
890620
890621
890622
890701
890702
890703
890704
890705
890706
890708
890709
890711
890712
890713
890714
890715
890716
890801
890802
890803
890804
890805
890806
890807
890808
890809
890810
890811
890812
890813
890814
890815
890816
890817
890818
890819
890901
890901a
890902
890903
890904
890905
890906
890908
890909
890911
890913
891001
891002
891003
891004
891005
891006
891007
891008
891009
891010
891101
891102
891103
891104
891105
891106
891107
891108
891109
891110
891111
891112
891113
891114
891115
891201
891202
891203
891204
891206
891207
891208
891209
891210
891211
891212
891213
891216
891217
891218
891219
891220
891301
891302
891303
891304
891305
891306
891307
891308
891309
891401
891402
891403
891404
891405
891406
891407
891408
891409
891410
891411
891412
891413
891414
891501
891502
891503
891504
891601
891602
891603
891604
891605
891606
891607
891609
891610
891611
891612
891613
891614
891615
891616
891617
891619
891701
891702
891703
891704
891707
891708
891709
891710
891711
891712
891801
891802
891803
891804
891805
891806
891807
891808
891809
891810
891811
891813
892001
892003
892004
892005
892006
892007
892008
892009
892010
892011
892012
892013
892102
892103
892104
892106
892108
892109
892110
892111
892116
892121
892122
892123
892124
892201
892202
892203
892204
892205
892206
892206a
892207
892208
892210
892213
892214
892215
892216
892217
892218
892219
892221
892301
892302
892303
892304
892305
892306
892307
892308
892309
892310
892311
892312
892313
892314
892315
892316
892317
892318
892319
892320
892401
892402
892403
892404
892405
892406
892407
892408
892409
892410
892411
892412
892413
892414
892415
892416
892417
892418
892419
892420
892421
892422
892423
892424
892425
892426
892427
892501
892502
892503
892504
892505
892506
892507
892508
892509
892510
892511
892512
892513
892514
892515
892516
892517
892518
892520
892521
892522
892523
892524
892525
892526
892527
892528
892529
892530
892531
892532
892533
892534
892535
892536
892537
892538
892539
892540
892541
892542
892543
892601
892602
892603
892604
892605
892606
892607
892608
892609
892610
892611
892612
892613
892614
892615
892616
892617
892618
892619
892620
892621
892622
892623
892701
892702
892703
892704
892705
892706
892707
892708
892709
892710
892711
892712
892801
892803
892804
892805
892806
892807
892808
892809
892810
892811
892812
892813
892814
892815
892816
892817
892818
892819
892901
892902
892903
892904
892905
892906
892907
892908
892909
892910
892911
892912
892913
892914
892915
892916
892917
892918
892919
892920
892921
892922
892923
892924
892925
892926
892927
892928
892929
892930
892931
892932
892933
892934
892935
892936
892937
892938
892939
892940
892941
892942
892943
892944
892945
893001
893002
893003
893004
893006
893007
893008
893009
893010
893011
893012
893013
893014
893015
893016
893017
893018
893019
893020
893021
893022
893023
893024
893025
893026
893027
893028
893029
893030
893034
893035
893101
893102
893103
893104
893105
893106
893108
893109
893110
893111
893112
893113
893114
893115
893116
893117
893118
893119
893120
893121
893122
893123
893124
893127
893201
893202
893204
893205
893206
893207
893301
893302
893303
893304
893305
893306
893307
893308
893309
893401
893402
893404
893405
893406
893407
893408
893409
893410
893411
893412
893413
893414
893415
893416
893417
893418
893501
893503
893504
893505
893508
893509
893511
893512
893514
893603
893605
893606
893607
893608
893609
893610
893611
893701
893702
893703
893704
893705
893706
893707
893708
893710
893711
893713
893714
893715
893716
893717
893718
893719
893720
893721
893722
893723
893724
893725
893801
893802
893803
893805
893806
893807
893808
893809
893810
893811
893812
893813
893814
893815
893816
893817
893818
893819
893820
893821
893822
893823
893824
893825
893826
893827
893828
893829
893830
893831
893832
893833
893834
893835
893836
894001
894002
894003
894004
894005
894006
894007
894008
894009
894010
894011
894012
894013
894014
894015
894101
894102
894103
894104
894105
894106
894107
894108
894109
894202
894203
894204
894205
894206
894207
894208
894209
894210
894211
894212
894301
894302
894303
894304
894305
894306
894307
894308
894309
894310
894311
894312
894313
894314
894315
894316
894317
894318
894319
894320
894321
894401
894403
894408
894409
894410
894501
894502
894503
894504
894505
894506
894507
894508
894509
894510
894511
894512
894513
894514
894515
894516
894517
894518
894519
894520
894521
894601
894602
894603
894604
894605
894606
894607
894608
894609
894610
894611
894612
894613
894614
894615
894616
894617
894618
894619
894701
894702
894703
894704
894705
894706
894707
894708
894709
894710
894801
894802
894803
894901
894902
894903
894904
894905
894906
894907
894908
894909
894910
894911
894912
894913
894914
894915
902801
902802
902802a
902803
902804
902805
902806
902807
902808
902809
902810
902811
902812
902901
902902
902903
902904
902905
902906
902907
902909
903001
903002
903003
903005
903006
903007
903010
903012
903013
903014
903015
903016
903017
903020
903021
903101
903102
903104
903105
903106
903107
903108
903109
903110
903111
903112
903113
903114
903115
903116
903117
903118
903119
903120
903121
903122
903123
903124
903125
903126
903202
903203
903204
903206
903207
903208
903209
903210
903211
903212
903213
903214
903216
903217
903218
903219
903220
903221
903222
903223
903301
903302
903303
903304
903305
903306
903307
903308
903309
903310
903311
903313
903314
903315
903317
903318
903319
903320
903401
903402
903403
903404
903405
903406
903408
903409
903410
903411
903412
903413
903414
903415
903416
903417
903418
903419
903501
903504
903505
903508
903511
903512
903513
903514
903515
903516
903518
903519
903520
903521
903522
903523
903524
903525
903526
903601
903602
903603
903604
903605
903606
903607
903608
903609
903610
903612
903614
903616
903619
903620
903626
903628
903629
903630
903633
903801
903802
903803
903804
903805
903806
904001
904002
904003
904004
904005
904006
904007
904008
904008a
904009
904010
904101
904102
904103
904104
904105
904106
904107
904108
904109
904110
904111
904112
904113
904114
904115
904116
904117
904118
904119
904120
904120a
904121
904122
904201
904202
904203
904204
904204a
904205
904205a
904206
904206a
904207
904208
904209
904301
904302
904305
904306
904307
904308
904309
904310
904311
904312
904313
904314
904315
904316
904401
904402
904403
904404
904405
904501
904502
904503
904504
904505
904506
904507
904508
904509
904511
904514
904515
904516
904517
904518
904519
904601
904602
904603
904604
904605
904701
904702
904703
904704
904705
904705a
904705b
904705c
904705d
904705e
904706
904706a
904706b
904707
904801
904802
904803
904804
904805
904806
904807
904808
904901
904902
904903
904904
904905
904906
904907
904908
904909
904910
904911
904912
904913
904914
904915
904916
904917
904918
904919
904920
904921
905001
905005
905006
905007
905008
905009
905010
905011
905012
905013
905014
905101
905102
905103
905104
905105
905106
905107
905108
905109
905110
905111
905112
905113
905114
905115
905116
905201
905202
905205
905206
905207
905208
905209
905210
905211
905401
905402
905403
905404
905405
905406
905407
905408
905409
905410
905411
905412
905413
905414
905415
905416
905417
905418
905419
905420
905421
905422
905423
905424
905425
905426
905427
905428
905429
905430
905431
905432
905433
905434
905435
905436
905437
905438
905439
905440
905441
905442
905443
905444
905445
905446
905501
905502
905503
905504
905505
905506
905507
905508
905509
905510
905511
905512
905513
905514
905516
905517
905518
905519
905520
905521
905522
905601
905602
905603
905604
905606
905607
905608
905609
905610
905611
905701
905702
905704
905705
905708
905709
905711
905712
905713
905714
905801
905803
905804
905805
905806
905807
905808
905809
906001
906002
906003
906004
906006
906007
906010
906011
906013
906015
906017
906102
906104
906105
906106
906107
906108
906109
906110
906112
906113
906114
906116
906117
906119
906120
906121
906122
906123
906124
906125
906128
906129a
906130
906131
906132
906133
906134
906301
906302
906303
906304
906305
906306
906307
906308
906309
906310
906311
906312
906313
906401
906402
906403
906404
906405
906406
906407
906408
906409
906410
906411
906412
906413
906414
906415
906416
906417
906418
906419
906420
906421
906501
906502
906503
906504
906505
906506
906507
906509
906510
906511
906513
906514
906515
906516
906517
906518
906520
906522
906523
906601
906603
906604
906605
906606
906607
906608
906609
906610
906611
906612
906613
906614
906615
906616
906617
906618
906620
906621
906622
906623
906624
906625
906626
906627
906628
906629
906701
906702
906703
906704
906705
906706
906707
906708
906709
906710
906711
906712
906713
906714
906715
906716
906717
906718
906719
906720
906721
906722
906723
906724
906725
906726
906727
906728
906729
906730
906801
906802
906803
906804
906805
906807
906808
906809
906810
906811
906812
906813
906814
906815
906816
906817
906818
906819
906820
906821
906822
906823
906824
906825
906826
906827
906828
906901
906902
906902a
906903
906904
906905
906906
906907
906908
906909
906910
906911
906912
906913
906913a
906914
906915
906916
906917
906919
906920
906921
906922
906923
906924
906925
906926
906927
906928
906929
906930
906931
906932
906933
906934
906935
906936
907001
907002
907002a
907003
907004
907005
907006
907007
907008
907009
907010
907010a
907011
907012
907013
907014
907015
907016
907017
907018
907019
907020
907021
907022
907023
907024
907025
907026
907027
907028
907029
907102
907103
907104
907105
907106
907107
907108
907110
907111
907112
907113
907114
907115
907117
907118
907119
907121
907122
907124
907125
907126
907128
907129
907130
907131
907132
907201
907202
907203
907204
907205
907206
907207
907209
907210
907211
907212
907213
907214
907215
907216
907217
907218
907219
907220
907301
907302
907303
907304
907305
907306
907307
907308
907309
907310
907311
907312
907313
907314
907316
907317
907318
907318a
907318b
907319
907320
907321
907322
907323
907324
907325
907326
907402
907403
907404
907406
907407
907408
907409
907410
907412
907413
907414
907415
907416
907417
907419
907420
907421
907422
907423
907424
907425
907426
907427
907428
907429
907430
907431
907433
907434
907435
907436
907437
907438
907439
907440
907501
907502
907503
907504
907505
907506
907507
907508
907509
907510
907511
907512
907513
907601
907602
907603
907604
907605
907606
907607
907608
907609
907610
918401
918402
918403
918404
918405
918406
918407
918408
918409
918410
918412
918413
918414
918415
918416
918417
918418
918419
918420
918501
918502
918503
918504
918505
918506
918507
918508
918509
918510
918511
918512
918513
918514
918515
918516
918517
918518
918518a
918519
918520
918521
918522
918523
918524
918525
918526
918527
918528
918529
918530
918531
918532
918601
918602
918603
918604
918605
918607
918608
918609
918610
918611
918612
918613
918614
918615
918616
918617
918618
918701
918702
918703
918704
918705
918706
918707
918708
918709
918710
918711
918712
918713
918714
918715
918716
918717
918718
918719
918901
918902
918903
918904
918905
918906
918907
918908
918909
918911
918912
919001
919002
919003
919004
919005
919006
919007
919008
919009
919010
919011
919012
919013
919014
919015
919016
919017
919018
919019
919020
919021
919022
919023
919024
919025
919026
919027
919101
919102
919103
919104
919105
919106
919107
919108
919109
919110
919111
919112
919113
919114
919115
919116
919201
919202
919203
919205
919206
919207
919208
919210
919211
919212
919214a
919217
919218
919219
919220
919221
919301
919302
919304
919305
919306
919307
919308
919309
919310
919311
919312
919313
919313a
919314
919315
919316
919317
919318
919319
919320
919321
919322
919323
919601
919602
919603
919604
919605
919606
919607
919608
919609
919610
919611
919612
919613
919701
919702
919703
919704
919705
919801
919802
919803
919804
919805
919805a
919806
919807
919807a
919808
919809
919901
919902
919903
919904
919905
919906
919907
919908
919909
919910
919911
919912
919913
919914
920001
920002
920003
920004
920005
920006
920008
920009
920010
920011
920012
920013
920014
920015
920016
920017
920101
920102
920103
920104
920105
920106
920107
920110
920111
920114
920116
920118
920202
920203
920204
920205
920206
920207
920208
920210
920211
920212
920213
920214
920215
920216
920217
920218
920219
920220
920221
920301
920302
920303
920304
920305
920306
920307
920308
920309
920310
920311
920312
920313
920314
920315
920316
920402
920403
920501
920502
920503
920505
920506
920507
920508
920509
920601
920602
920603
920604
920605
920606
920607
920608
920609
920610
920611
920612
920613
920614
920615
920617
920618
920619
920621
920622
920623
920625
920626
920627
920628
920701
920702
920703
920704
920705
920706
920707
920708
920709
920710
920711
920712
920713
920714
920715
920716
920717
920718
920719
920720
920721
920723
920724
920725
920726
920727
920728
920729
920730
920731
920732
920733
920734
920735
920736
920801
920802
920803
920805
920806
920807
920808
920809
920810
920811
920812
920813
920814
920815
920816
920817
920819
920820
920821
920822
920823
920824
920825
920826
920827
920828
920901
920902
920903
920904
920905
920906
920907
920908
920909
920910
920911
920912
920913
920914
920915
920916
920917
920918
920918a
920919
920920
920921
920922
921001
921002
921003
921004
921005
921006
921007
921008
921009
921010
921011
921012
921013
921014
921015
921016
921017
921018
921019
921020
921021
921022
921023
921024
921025
921026
921027
921028
921029
921030
921102
921103
921104
921105
921106
921107
921108
921109
921110
921111
921112
921113
921114
921115
921116
921117
921118
921119
921120
921121
921122
921123
921124
921125
921126
921127
921128
921129
921131
921201
921202
921203
921204
921205
921206
921208
921209
921210
921211
921212
921213
921214
921215
921216
921217
921218
921219
921220
921221
921222
921223
921224
921225
921226
921301
921302
921303
921304
921305
921306
921307
921308
921309
921310
921311
921312
921313
921314
921315
921316
921317
921318
921319
921320
921321
921322
921323
921324
921325
921326
921327
921328
921329
921330
921331
921332
921333
921334
921335
921336
921337
921401
921402
921403
921404
921405
921406
921407
921408
921409
921410
921411
921412
921413
921414
921415
921416
921417
921418
921419
921420
921421
921422
921423
921424
921425
921426
921427
921428
921429
921430
921431
921432
921433
921434
921435
921436
921437
921438
921439
921440
921441
921442
921501
921502
921503
921504
921505
921506
921507
921508
921509
921510
921511
921512
921513
921514
921515
921516
921517
921518
921519
921520
921521
921601
921602
921603
921604
921605
921606
921607
921608
921609
921610
921611
921612
921701
921702
921703
921705
921706
921707
921708
921709
921710
921711
921712
921713
921714
921715
921716
921717
921718
921719
921720
921721
921722
921723
921724
921725
921726
921727
921728
921729
921730
921731
921732
921733
921734
921735
921736
921737
921738
921739
921740
921741
921742
921743
921744
921745
921746
921747
921802
921803
921804
921805
921806
921807
921808
921809
921810
921811
921812
921813
921814
921815
921816
921817
921818
921819
921820
921821
921822
921823
921824
921825
921826
921827
921828
921829
921901
921902
921903
921904
921905
921906
921907
921908
921909
921910
921911
921912
921913
921914
921915
921916
921917
921918
921919
921920
921921
921922
921923
921924
921925
921926
921927
921928
921929
922001
922002
922003
922004
922005
922006
922007
922008
922009
922010
922011
922012
922013
922014
922015
922016
922017
922101
922102
922103
922104
922105
922106
922107
922107a
922108
922109
922110
922111
922112
922113
922114
922115
922116
922117
922118
922119
922120
922121
922201
922202
922203
922204
922205
922206
922207
922208
922209
922210
922210a
922211
922212
922213
922214
922215
922301
922302
922303
922304
922305
922306
922307
922308
922309
922310
922311
922312
922313
922314
922315
922316
922317
922318
922319
922320
922321
922322
922323
922324
922325
922326
922327
922329
922330
922331
922332
922333
922401
922402
922403
922404
922405
922406
922407
922408
922409
922410
922411
922412
922413
922414
922415
922416
922417
922418
922419
922420
922421
922422
922423
922424
922425
922426
922427
922428
922429
922430
922431
922432
922433
922434
922501
922502
922503
922504
922505
922506
922507
922508
922509
922510
922511
922512
922701
922702
922703
922705
922706
922707
922708
922709
922710
922711
922712
922713
922714
922715
922716
922717
922718
922719
922720
922721
922722
922723
922724
922725
922726
922727
922728
922729
922730
922731
922732
922733
922801
922802
922803
922804
922805
922806
922807
922808
922809
922810
922811
922812
922813
922814
922815
922816
922817
922818
922819
922820
922821
922822
922823
922824
922825
922826
922827
922828
922829
922830
922831
922832
922833
922834
922835
922836
922837
922838
922839
922840
922841
922842
922843
922844
922845
922846
922847
922848
922849
922850
922851
922852
922901
922903
922904
922905
922906
922907
922908
922909
922910
922911
922912
922913
922916
922917
922918
922919
922920
922921
922922
922923
922924
922925
922927
922928
922929
922930
922931
922932
922933
922934
922935
922936
922937
922938
923001
923002
923003
923004
923005
923006
923007
923008
923009
923010
923011
923012
923013
923014
923015
923016
923017
923018
923019
923020
923021
923022
923023
923024
923025
923026
923027
923028
923029
923030
923201
923202
923203
923204
923205
923206
923301
923302
923303
923304
923305
923306
923307
923308
923309
923310
923311
923312
923313
923314
923315
923316
923401
923402
923403
923404
923405
923406
923407
923408
923409
923410
923411
923412
923413
923701
923702
923703
923704
923705
923706
923707
923708
923709
923710
923711
923712
923713
923714
923715
923716
923717
923718
923719
923720
923720a
923721
923722
923722a
923723
923724
923725
923726
923727
923728
923729
924101
924102
924103
924104
924105
924106
924107
924108
924109
924110
924111
924112
924113
924114
924201
924202
924203
924204
924205
924206
924207
924401
924402
924403
924404
924405
924406
924407
924408
924409
924410
924411
924412
924413
924414
924415
924416
924417
924418
924419
924420
924601
924602
924603
924604
924605
924606
924607
924608
924609
924610
924611
924612
924613
924614
924615
924701
924702
924703
924704
924705
924706
924707
924708
924709
924709a
924710
924711
924712
924713
924714
924716
924717
924718
924719
924720
924721
924722
924723
924801
924802
924803
924804
924805
924806
924807
924808
924809
924810
924811
924812
924813
924814
924815
924816
924817
924818
924819
924820
924901
924902
924903
924904
924905
924906
924907
924908
924909
924910
924911
924912
924913
925101
925102
925103
925104
925105
925106
925107
925108
925109
925110
925111
925112
925113
925114
925115
925116
925117
925118
925119
925120
925121
925122
925123
925124
925125
925125a
925126
925127
925128
925129
925130
925131
925132
925133
925134
925135
925136
925137
925138
925201
925202
925203
925204
925205
925206
925207
925208
925209
925210
925211
925212
925213
925214
925215
925215a
925216
925217
925218
925219
925220
925301
925302
925303
925304
925305
925306
925307
925308
925309
925310
925311
925312
925313
925314
925315
925316
925317
925318
925319
925320
925321
925322
925323
925401
925402
925403
925404
925405
925406
925407
925408
925409
925410
925411
925412
925413
925414
925415
925416
925417
925418
925419
925420
925501
925502
925503
925504
925505
925506
925507
925508
925509
925510
925511
925512
925513
925514
925515
925516
925517
925518
925519
925520
925521
925522
925523
925524
925525
925526
925527
925528
925529
925530
925531
925532
925533
925534
925535
925536
925537
925538
925539
925540
925541
925542
925543
925544
925545
925546
925601
925602
925603
925604
925605
925606
925607
925608
925609
925610
925611
925612
925613
925614
925615
925616
925617
925618
925619
925620
925621
925622
925623
925624
925625
925626
925627
925628
925629
925630
925631
925632
925701
925702
925801
925802
925803
925804
925805
925806
925806a
925807
925808
925809
925810
925811
925812
925813
925814
925815
925816
925817
925818
925819
925820
925821
925822
925823
925824
925825
925826
925827
925828
925901
925902
925903
925904
925905
925906
925908
925909
925910
925911
925912
925913
925914
925915
925916
925917
925919
925920
925921
925922
925923
925924
925925
926001
926002
926003
926004
926005
926006
926007
926008
926008a
926010
926011
926012
926013
926014
926015
926016
926017
926018
926019
926020
926021
926022
926023
926024
926025
926026
926027
926028
926029
926030
926031
926032
926033
926034
926035
926036
926037
926038
926039
926040
926041
926042
926043
926044
926045
926046
926047
926048
926049
926050
926051
926052
926053
926054
926055
926056
926057
926058
926059
926060
926061
926062
926063
926064
926065
926066
926067
926068
926069
926070
926071
926072
926073
926101
926102
926103
926104
926105
926106
926107
926108
926109
926110
926111
926114
926115
926116
926117
926118
926119
926120
926121
926122
926123
926124
926125
926126
926127
926129
926130
926131
926132
926133
926134
926135
926136
926137
926138
926139
926140
926141
926142
926143
926144
926145
926146
926147
926148
926149
926150
926151
926152
926153
926154
926155
926156
926157
926158
926159
926160
926161
926162
926163
926164
926201
926202
926203
926204
926206
926207
926208
926209
926210
926211
926212
926213
926214
926215
926217
926218
926219
926220
926221
926222
926223
926224
926225
926226
926227
926228
926231
926233
926234
926235
926236
926237
926238
926239
926240
926241
926242
926243
926244
926245
926246
926247
926248
926249
926250
926251
926252
926253
926254
926255
926256
926257
926258
926259
926260
926261
926262
926263
926264
926265
926266
926267
926268
926269
926270
926271
926272
926273
926274
926275
926301
926302
926303
926304
926305
926306
926307
926308
926309
926310
926311
926312
926313
926314
926315
926316
926317
926318
926319
926320
926321
926322
926401
926402
926403
926404
926405
926406
926407
926501
926502
926503
926504
926505
926506
926507
926508
926509
926510
926511
926512
926513
926514
926515
926516
926517
926518
926519
926520
926521
926522
926523
926524
926525
926526
926527
926528
926529
926530
926531
926532
926533
926534
926535
926536
926537
926538
926539
926540
926541
926542
926543
926544
926545
926601
926602
926603
926604
926606
926609
926611
926613
926615
926617
926619
926620
926621
926623
926624
926625
926627
926629
926631
926632
926633
926634
926636
926637
926638
926640
926641
926642
926643
926644
926746
926747
926748
926749
926750
926752
926753
926754
926755
926756
926757
926759
926759a
926760
926761
926762
926763
926764
926765
926766
926767
926768
926769
926770
926771
926772
926773
926775
926776
926777
926778
926780
926781
926786
926788
926901
926903
926904
926905
926906
926907
926909
926910
926911
926912
926914
927001
927002
927003
927004
927005
927006
927007
927008
927009
927010
927011
927012
927013
927014
927015
927016
927017
927018
927019
927020
927021
927022
927023
927024
927025
927026
927027
927202
927203
927204
927205
927206
927207
927208
927209
927210
927211
927212
927214
927215
927216
927218
