922502
922503
922504
922505
922506
922507
922508
922509
922510
922511
922512
922701
922702
922703
922705
922706
922707
922708
922709
922710
922711
922712
922713
922714
922715
922716
922717
922718
922719
922720
922721
922722
922723
922724
922725
922726
922727
922728
922729
922730
922731
922732
922733
922801
922802
922803
922804
922805
922806
922807
922808
922809
922810
922811
922812
922813
922814
922815
922816
922817
922818
922819
922820
922821
922822
922823
922824
922825
922826
922827
922828
922829
922830
922831
922832
922833
922834
922835
922836
922837
922838
922839
922840
922841
922842
922843
922844
922845
922846
922847
922848
922849
922850
922851
922852
922901
922903
922904
922905
922906
922907
922908
922909
922910
922911
922912
922913
922916
922917
922918
922919
922920
922921
922922
922923
922924
922925
922927
922928
922929
922930
922931
922932
922933
922934
922935
922936
922937
922938
923001
923002
923003
923004
923005
923006
923007
923008
923009
923010
923011
923012
923013
923014
923015
923016
923017
923018
923019
923020
923021
923022
923023
923024
923025
923026
923027
923028
923029
923030
923201
923202
923203
923204
923205
923206
923301
923302
923303
923304
923305
923306
923307
923308
923309
923310
923311
923312
923313
923314
923315
923316
923401
923402
923403
923404
923405
923406
923407
923408
923409
923410
923411
923412
923413
923701
923702
923703
923704
923705
923706
923707
923708
923709
