864529
864530
864531
864532
864533
864601
864602
864603
864604
864605
864606
864607
864608
864609
864610
864611
864613
864614
864615
864616
864617
864619
864620
864621
864622
864623
864701
864702
864703
864705
864706
864707
864708
864709
864710
864711
864712
864713
864714
864715
864717
864718
864719
864720
864721
864722
864723
864724
864725
864726
864727
864728
864729
864730
864731
864732
864733
864734
864735
864737
864739
864741
864742
864743
864744
864801
864803
864804
864805
864806
864807
864808
864809
864810
864811
864812
864813
864814
864815
864816
864817
864818
864819
864820
864821
864822
864823
864901
864902
864905
864907
864908
864909
864910
864912
864913
864915
864916
864917
864918
864919
865001
865002
865004
865005
865006
865007
865008
865010
865011
865012
865013
865014
865015
865016
865101
865103
865104
865106
865107
865108
865109
865110
865111
865113
865114
865202
865203
865204
865205
865206
865207
865208
865210
865211
865301
865302
865303
865305
865306
865307
865308
865309
865311
865313
865401
865405
865407
865408
865409
865501
865502
865503
865504
865505
865507
865508
865509
865510
865602
865603
865604
865605
865606
865608
865609
865610
865611
865612
865613
865614
865615
865616
865617
865618
865619
865701
865702
865703
865704
865705
865706
865707
865708
865709
865710
865712
865802
865803
865804
865805
865806
865807
865808
865809
865810
865811
865812
865813
865814
865815
865816
865817
865818
865819
865820
865901
865902
865903
865904
865906
865907
865908
865909
865910
866001
866003
866004
866005
866006
866007
866008
866009
866010
866011
866013
866101
866102
866103
866104
866105
866106
866107
866108
866109
866110
866111
866112
866113
868801
868802
868803
868804
868805
868807
868808
868809
868810
868811
868812
868813
868814
868815
868816
868817
868819
868820
868903
868904
868905
868908
868909
868910
869001
869002
869003
869004
869005
869006
869007
869008
869009
869011
869012
869014
869015
869102
869103
869104
869106
869107
869108
869109
869110
869111
869112
869113
869114
869115
869116
869117
869118
869119
869201
869202
869203
869204
869205
869206
869207
869208
869210
869211
869212
869213
869301
869302
869303
869304
869305
869306
869308
869309
869310
869311
869312
869313
869401
869402
869403
869404
869405
869406
869407
869409
869410
869411
869412
869415
869501
869502
869503
869504
869505
869506
869507
869508
869509
869510
869602
869603
869604
869605
869606
869607
869608
869609
869610
869611
869612
869613
869615
869701
869702
869703
869704
869705
869706
869707
869708
869709
869710
869711
869712
869714
869715
869716
869717
869718
869720
869721
869801
869802
869803
869804
869805
869806
869807
869808
869809
869810
869811
869812
869813
869814
869815
869901
869902
869903
869904
869906
869907
869909
869911
869912
869913
869914
869915
869918
869919
870003
870004
870005
870006
870007
870008
870009
870011
870101
870102
870103
870104
870105
870106
870107
870108
870110
870111
870112
870114
870115
870116
870117
870118
870119
870120
870121
870122
870123
870124
870125
870126
870127
870128
870129
870130
870131
870132
870133
870134
870135
870136
870137
870138
870139
870140
870141
870142
870143
870144
870145
870146
870147
870148
870149
870150
870151
870152
870153
870155
870156
870157
870201
870202
870203
870204
870205
870206
870207
870208
870209
870210
870211
870212
870213
870215
870216
870301
870302
870303
870304
870305
870306
870307
870308
870309
870310
870311
870312
870313
870314
870315
870316
870317
870318
870319
870320
870321
870322
870323
870324
870401
870402
870403
870404
870405
870406
870407
870501
870502
870503
870702
870704
874701
874702
874703
874801
874802
874803
874804
874805
874806
874807
874901
874902
875001
875002
875003
875004
875005
875006
875008
875009
875010
875011
875012
875013
875014
875015
875016
875101
875102
875103
875104
875105
875106
875107
875108
875109
875110
875201
875202
875203
875204
875205
875206
875207
875209
875210
875211
875212
875301
875302
875303
875304
875305
875306
875401
875402
875403
875404
875405
875406
875407
875408
875409
875410
875411
875412
875413
875501
875504
875505
875506
875507
875508
875509
875510
875511
875601
875602
875603
875604
875605
875606
875607
875701
875806
875808
875810
875815
875904
875905
875906
875912
875913
875914
875918
876001
876003
876005
876006
876008
876014
876016
876020
876102
876103
876106
876107
876108
876109
876112
876114
876116
876118
876119
876203
876205
876206
876207
876209
876210
876211
876213
876217
876301
876306
876307
876310
876311
876312
876313
876318
876321
876401
876403
876404
876406
876407
876409
876410
876411
876412
876415
876418
876419
876420
876423
876425
876426
876501
876503
876504
876509
876602
876603
876604
876606
876607
876608
876611
876613
876615
876701
876702
876703
876704
876705
876706
876713
876715
876717
876718
876807
876809
876810
876901
876902
876903
876905
876906
876907
876908
876909
876910
876912
876913
876914
876915
877001
877002
877003
877101
877102
877103
877104
877105
877106
877107
877108
877109
877110
877111
877112
877113
877114
877115
877116
877117
877118
877201
877202
877203
877204
877205
877206
877207
877208
877209
877210
877211
877212
877213
877214
877215
877216
877217
877218
877219
877220
877221
877222
877223
877224
877225
877301
877302
877303
877304
877305
877306
877307
877308
877309
877310
877311
877312
877313
877314
877315
877316
877317
877401
877402
877403
877405
877504
877505
877506
877507
877508
877509
877509a
877510
877511
877512
877513
877514
877515
877516
877517
877518
877519
877520
877521
877522
877601
877602
877603
877604
877605
877606
877607
877608
877609
877610
877612
877613
877614
877616
877617
877619
877701
877702
877703
877704
877705
877706
877707
877708
877709
877710
877711
877712
877801
877901
877902
877903
877904
877905
877906
877907
877908
877909
877910
877911
877912
877913
878002
878003
878004
878005
878006
878007
878008
878009
878010
878011
878012
878013
878014
878015
878016
878018
878019
878020
878021
878022
878101
878102
878103
878104
878105
878106
878201
878203
878204
878206
878207
878208
878209
878210
878211
878212
878213
878215
878216
878217
878218
878219
878220
878221
878222
878223
878302
878305
878404
878410
878413
878501
878508
878509
878601
878602
878604
878605
878606
878607
878608
878609
878610
878611
878612
878613
878614
878615
878616
878617
878701
878702
878703
878704
878705
878706
878707
878708
878709
878710
878711
878713
878714
878715
878716
878717
878718
878719
889902
889903
889904
889905
889906
889907
889908
889909
889911
889913
889915
889916
889917
889918
889919
889920
889921
889922
889923
889925
889926
889927
889929
889930
889931
889932
889933
889934
889935
890001
890003
890004
890005
890006
890007
890008
890009
890010
890011
890012
890013
890014
890015
890016
890018
890101
890102
890104
890105
890106
890107
890108
890109
890110
890201
890202
890204
890205
890206
890209
890210
890211
890212
890213
890213a
890214
890215
890216
890217
890218
890219
890302
890305
890306
890307
890308
890309
890310
890311
890312
890401
890402
