836113
836202
836204
836205
836206
836208
836209
836210
836211
836213
836214
836216
836218
836302
836303
836304
836305
836307
836308
836309
836312
836314
836315
836317
836318
836320
836321
836322
836401
836401a
836402
836403
836406
836407
836408
836409
836410
836411
836412
836413
836414
836415
836416
836501
836502
836503
836504
836506
836507
836508
836509
836510
836511
836512
836513
836514
836515
836516
836517
836520
836521
836526
836527
836528
836529
836530
836532
836533
836534
836601
836602
836604
836605
836606
836607
836608
836609
836610
836611
836613
836616
836617
836702
836703
836704
836705
836708
836709
836710
836712
836714
836715
836716
836805
836806
836807
836811
836901
836904
836905
836906
836907
836909
836910
836911
836912
836914
836916
836917
837001
837002
837003
837004
837006
837007
837010
837011
837103
837104
837106
837107
837108
837109
837202
837204
837205
837206
837207
837208
837210
837212
837301
837302
837303
837304
837305
837402a
837404
837405a
837407
837408
837409
837410
837413
837413a
837415
837416
837417
837418
837421
837422
837501
837502
837503
837505
837507
837508
837510
837511
837512
837514
837515
837516
837517
837518
837519
837520
837522
837523
837524
837525
837526
837527
837528
837529
837530
837531
837532
837534
837535
837536
837537
837538
837601
837602
837603
837605
837606
837610
837611
837612
837613
837614
837615
837616
837617
837618
837619
837620
837621
837622
837623
837624
837625
837626
837627
837628
837630
837631
837632
837633
837634
837638
837701
837704
837705
837708
837710
837711
837713
837715
837716
837801
837803
837804
837805
837806
837808
837809
837810
837812
837813
837815
837816
837817
837901
837902
837903
837904
837905
837906
837907
837908
837909
837910
837911
837912
837913
837915
837916
837918
838004
838005
838007
838008
838010
838011
838012
838013
838014
838015
838018
838019
838021
838022
838023
838025
838026
838101
838102
838103
838104
838105
838107
838108
838109
838110
838111
838112
838113
838114
838115
838116
838117
838118
838126
838129
838130
838131
838133
838134
838201
838202
