2701390
2701967
2701999
2702398
2702787
2703018
2703063
2703069
2703319
2703345
2703373
2703647
2703671
2704623
2704644
2704857
2704877
2705243
2705269
2705466
2705485
2705491
2705498
2705890
2705928
2705965
2706011
2706160
2706169
2706183
2706432
2706481
2706794
2706837
2706861
2706983
2707059
2707072
2707544
2707857
2707890
2707913
2708244
2708293
2708341
2708564
2708761
2708773
2708794
2709028
2709049
2709059
2709277
2709294
2709607
2710194
2710212
2711729
2711783
2711834
2712056
2712117
2712155
2712456
2712473
2712484
2712754
2712815
2712839
2712857
2713208
2713226
2713248
2713259
2713417
2713436
2713454
2713470
2713486
2713506
2714169
2714189
2714500
2714534
2714585
2716142
2716150
2716158
2716171
2716198
2716214
2716257
2716280
2716292
2716307
2716435
2716453
2716457
2716468
2716491
2716504
2716512
2716516
2716750
2716766
2717324
2717332
2717337
2717361
2717376
2717645
2717652
2717673
2717680
2717698
2717720
2717735
2717751
2717761
2717977
2717987
2718002
2718012
2718032
2718046
2718075
2719045
2719064
2719555
2719573
2719595
2719628
2719655
2719672
2719689
2726956
2726977
2726983
2726990
2726997
2727011
2727027
2727054
2727102
2727120
2727135
2727319
2727353
2727359
2727378
2727391
2727426
2727435
2727532
2727537
2727549
2727561
2728538
2728555
2728564
2728575
2728581
2728593
2728915
2728918
2728931
2728936
2728947
2728955
2728957
2728980
2729010
2729047
2729072
2729084
2729339
2729352
2729362
2729375
2729391
2729411
2729431
2729448
2730766
2730785
2731197
2731220
2731236
2731255
2731283
2731287
2731292
2731300
2731311
2731321
2731341
2731349
2731356
2731628
2731639
2731645
2731651
2731661
2731672
2731682
2731710
2731720
2731736
2733313
2733345
2733362
2734401
2734441
2734470
2734490
2734502
2734519
2734532
2734554
2735954
2735965
2737127
2737140
2737159
2737179
2737187
2737195
2737217
2737269
2737279
2737373
2737580
2737593
2737611
2737630
2737661
2737704
2737720
2737738
2738170
2738182
2738205
2738224
2740371
2740399
2740422
2740843
2740852
2740858
2740872
2740887
2740944
2740964
2740982
2740993
2741002
2741013
2741023
2741164
2741171
2741178
2741186
2741198
2741205
2741212
2741222
2741232
2741248
2741261
2750451
2750834
2750849
2751226
2751292
2751344
2751366
2751383
2751818
2751846
2751860
2751911
2752177
2752207
2752224
2752455
2752467
2752643
2752663
2752679
2752682
2753911
2753929
2753954
2754229
2754240
2754261
2754277
2754291
2754502
2754596
2754621
2754649
2754703
2754736
2754847
2754972
2754984
2754994
2755021
2755024
2755040
2755075
2755087
2755099
2755242
2755257
2755268
2755357
2755370
2755380
2755586
2755603
2755620
2756263
2756291
2756311
2756551
2756567
2756582
2756588
2756593
2756597
2756605
2756702
2756711
2756725
2756741
2757096
2757202
2757211
2757218
2757233
2757245
2757266
2757270
2757954
2758208
2758555
2758564
2758761
2758781
2758805
2758819
2758839
2758842
2758853
2758928
2758934
2758937
2759339
2759343
2759352
2759575
2759595
2759605
2762302
2762315
2762323
2762661
2762672
2799881
2800169
2800196
2800575
2800584
2800599
2800603
2800965
2800981
2801020
2801034
2801039
2801370
2801436
2801458
2801474
2801521
2801945
2801965
2801987
2802020
2802506
2802548
2802567
2802598
2802624
2803055
2803070
2803081
2803094
2803104
2804164
2804188
2804195
2804210
2804223
2805056
2805069
2805084
2805092
2805098
2806695
2806703
2807134
2807146
2807155
2807174
2807187
2807197
2807215
2807469
2807484
2807977
2807988
2808005
2808026
2808046
2808061
2810839
2810850
2810866
2811324
2811367
2811382
2811757
2811781
2811820
2812389
2812413
2812838
2812912
2812919
2812953
2813042
2813534
2813539
2813547
2813560
2814028
2814044
2817941
2820997
2821445
2821458
2821475
2822096
2822123
2822158
2822171
2822882
2822896
2823181
2823259
2823284
2823296
2823308
2823338
2823641
2823649
2823711
2823716
2823763
2824095
2824210
2824238
2824249
2824290
2824299
2824304
2824308
2828609
2828624
2828637
2828925
2828933
2828936
2828940
2829241
2829288
2829296
2829311
2829329
2829590
2829607
2829610
2829612
2829615
2829625
2829859
2829875
2829953
2829961
2829971
2829983
2830006
2830010
2830025
2830033
2830192
2830195
2830202
2830314
2830321
2830322
2830330
2837361
2837367
2837375
2837387
2837397
2837659
2837663
2837672
2837687
2837706
2837721
2837741
2837757
2837777
2837781
2837786
2837796
2837813
2837819
2837833
2837837
2837840
2837845
2837849
2838280
2838356
2838361
2838376
2838381
2838395
2838688
2838710
2838728
2838735
2838747
2838755
2838759
2838768
2838780
2838788
2838795
2838805
2838807
2838813
2838821
2838824
2838844
2838854
2838868
2838886
2838901
2838915
2838941
2838957
2839046
2839508
2839521
2839554
2839562
2839566
2839567
2839569
2839572
2839586
2839587
2839598
2839602
2839616
2839646
2839663
2839675
2839696
2839714
2840012
2840020
2840819
2840833
2840846
2840853
2840855
2840862
2840865
2840867
2840875
2840877
2840878
2840879
2840982
2840988
2840989
2840999
2841005
2841017
2841378
2841383
2841384
2841399
2841799
2841801
2841817
2841819
2841826
2841827
2841835
2841838
2841846
2841852
2841855
2841865
2841872
2841875
2841887
2841898
2842203
2842294
2843211
2843226
2843267
2843281
2843295
2843315
2843323
2843341
2843355
2843370
2843382
2843396
2843409
2843433
2843456
2843466
2843832
2844192
2844199
2844212
2844216
2844221
2844228
2844251
2844255
2844274
2844280
2844289
2844311
2844324
2844333
2844376
2844381
2844641
2845579
2845597
2845620
2845643
2845651
2845671
2845679
2845688
2845722
2845738
2845780
2845800
2845810
2846558
2846563
2846575
2846597
2846604
2846612
2846620
2846621
2846628
2846630
2846635
2846637
2846650
2846657
2846673
2846741
2846750
2846758
2846778
2846784
2846789
2847927
2847941
2847956
2847973
2847986
2848001
2848026
2848034
2848037
2848051
2848057
2848064
2848766
2848779
2848796
2848822
2848835
2848844
2848865
2848881
2848897
2848910
2848926
2848935
2848950
2852108
2857285
2857296
2857312
2857319
2857325
2857339
2857348
2858343
2858352
2858359
2858369
2858373
2858377
2858387
2858395
2858404
2858424
2858432
2858445
2858456
2858471
2858474
2858480
2859147
2859156
2859162
2859176
2859182
2859192
2859203
2859209
2859214
2859227
2859235
2859239
2859259
2859264
2859271
2859278
2859280
2859282
2861287
2861295
2861306
2861317
2861344
2861346
2861353
2861362
2861377
2861414
2861429
2861442
2861488
2861527
2861538
2861548
2863555
2863561
2863584
2863594
2863598
2863613
2863626
2863642
2863651
2863680
2863692
2863908
2863914
2863930
2863954_2676
2863954_2677
2864384_2537
2864384_2538
2864384_2539
2864384_2540
2864384_2541
2864384_2542
2864416_2290
2864416_2291
2864424_1730
2864424_1731
2864468_1798
2864468_1799
2864468_1800
2864468_1801
2864468_1802
2864514
2864516
2886417
2886436
2886447
2886453
2886478
2886501
2886519
2886532
2886550
2886556
2886563
2886570
2887324
2887326
2887330
2887332
2887334
2887339
2887340
2887342
2887344
2887351
2887385
2887394
2887412
2887432
2888109
2888119
2888127
2888133
2888146
2888153
2888161
2888167
2888182
2888190
2888198
2888207
2888224
2888228
2888233
2888238
2888257
2888264
2888274
2888279
2889267
2889270
2889277
2889287
2889309
2889321
2889330
2889337
2889355
2889366
2889769
2889778
2889800
2889823
2889827
2889834
2889844
2890311
2890727
2890734
2890744
2890760
2890768
2890771
2890773
2890777
2890786
2892272
2892302
2892320
2892331
2892345
2892730
2892742
2892747
2892750
2892755
2900375
2900396
2900419
2900429
2900460
2900470
2900480
2900493
2900567
2900607
2900624
2900664
2900673
2900682
2900699
2901524
2901528
2901534
2901539
2901552
2901556
2901557
2901561
2901571
2901577
2901589
2901596
2901606
2901609
2902498
2902506
2902511
2902525
2902531
2902538
2902550
2902559
2902849
2902855
2902861
2902867
2902885
2902899
2902908
2902919
2902937
2902957
2903002
2903006
2903016
2903025
2903049
2903054
2903067
2903077
2903768
2903771
2903792
2903800
2903803
2903834
2903840
2903848
2903866
2903875
2903880
2903888
2903895
2903904
2904600
2904601
2904609
2904617
2905020
2905031
2905049
2905107
2905129
2905139
2905166
2905186
2905198
2905927
2905932
2905940
2905952
2905967
2905976
2905986
2905999
2906035
2906040
2906047
2906055
2906060
2906086
2906100
2906112
2906122
2906703
2906704
2906711
2906714
2906716
2906729
2906732
2906738
2906960
2906963
2906992
2907062
2907077
2907078
2907105
2907166
2907193
2907204
2907217
2907222
2907230
2907241
2907272
2908173
2908179
2908182
2908196
2908202
2908208
2908213
2908225
2908247
2908256
2908263
2908267
2908354
2908359
2908366
2908376
2908393
2908406
2908414
2908419
2908423
2909214_2062
2909214_2063
2909214_2064
2909246_2690
2909246_2691
2909277_2510
2909277_2511
2909632_1733
2909632_1734
2909696
2909713
2909729
2909743
2909760
2909803
2909812
2909822_2196
2909822_2197
2909838
2909851
2909873
2909881
2909910
2910790
2910803
2910812
2910824
2910830
2910868
2910875_1875
2910875_1876
2910887_2234
2910887_2235
2910887_2236
2910887_2237
2910887_2238
2910887_2239
2910968
2910980
2910991
2910993
2911006
2911012
2911019
2911027
2913136
2913138
2913152
2913158
2913163
2913178
2913183
2913190
2913692
2913703
2913717
2913725
2913736
2913749
2913820
2913831
2913851
2913868
2913883
2914242
2914263
2914363
2914438
2914803
2914813
2914821
2914829
2914842
2914883
2914890
2914900
2914913
2914986
2915001
2915027
2915033
2915039
2915825
2915863
2915891
2915921
2915939
2916305
2916347
2916374
2916398
2916417
2916457
2916490
2916558
2916585
2916612
2916639
2916656
2917501
2917509
2917522
2917529
2917535
2917542
2917561
2917570
2917578
2917585
2917813
2917834
2920649
2920674
2920699
2920737
2920782
2920813
2920861
2921812
2921829
2921842
2922015
2923031
2923042
2923444
2923458
2923479
2923510
2923530
2923536
2923653
2924637
2924641
2924655
2924666
2924677
2924715
2924725
2924733
2924744
2925864
2925895
2925917
2926008
2926024
2926035
2926062
2926082
2926117
2926144
2926576
2926975
2926991
2927009
2927022
2927040
2927060
2927121
2927183
2927196
2927201
2927907
2927920
2927933
2927951
2928002
2929387
2929430
2929478
2929487
2929495
2929502
2929519
2929533
2929537
2929547
2930491
2930509
2930545
2931159
2931183
2931205
2931317
2931364
2931397
2932470
2932482
2932520
2932544
2932555
2932569
2932626
2932634
2932646
2932651
2932665
2932676
2932687
2932694
2936474
2936480
2936484
2936488
2936502
2936526
2936528
2936530
2936541
2936957_2477
2936957_2478
2936957_2479
2936957_2480
2941878
2941883
2941888
2941895
2941901
2941912
2941919
2941922
2941928
2942042
2942244_1872
2942244_1873
2942290_2183
2942290_2184
2942290_2185
2942311_1842
2942311_1843
2942311_1844
2942553_2656
2942553_2657
2943160_1883
2943160_1884
2943160_1885
2943212_2221
2943212_2222
2943212_2223
2943212_2224
2943212_2225
2944013
2944018
2944020
2944025
2944029
2944038
2944358
2944364
2944370
2944379
2944393
2944398
2944761_2170
2944761_2171
2944761_2172
2944761_2173
2944761_2174
2944761_2175
2944761_2176
2944761_2177
2944761_2178
2944804_1944
2944804_1945
2944846
2944855
2944861
2945048
2946026
2946036
2946047
2946069
2946090
2946107
2946133
2946152
2946349
2946360
2949859_1690
2949859_1691
2949859_1692
2949859_1693
2949957_2243
2949957_2244
2949957_2245
2950000_1951
2950000_1952
2950031
2950043_2482
2950043_2483
3045428
3050756
3052863
3055315
3055324
3055329
3055371
3055400
3055418
3055429
3055464
3055467
3055473
3055476
3055489
3055498
3055500
3055502
3055507
3055511
3055517
3055729
3055730
3055734
3055746
3055762
3055772
3055777
3055800
3055808
3055816
3055837
3056887
3056898
3056908
3056915
3056924
3056946
3056955
3056967
3056982
3057515
3057521
3057525
3057534
3057537
3057540
3057588
3057593
3057602
3057620
3057636
3057645
3057654
3057664
3057671
3057676
3057680
3057691
3057698
3057704
3057710
3057990
3057996
3058001
3058003
3058007
3058010
3058022
3058045
3058067
3058081
3058089
3058093
3058099
3058127
3069238
3069244
3069250
3069256
3069266
3069280
3069292
3069305
3069318
3069324
3069354
3069370
3069379
3069401
3069409
3069414
3069427
3069934
3069955
3069956
3069961
3069967
3069973
3069981
3069984
3069987
3070017
3070022
3070027
3070188
3070196
3070203
3070209
3070218
3070224
3070229
3070240
3070261
3070271
3070278
3070288
3070293
3070303
3070307
3070309
3070316
3071390
3071406
3071439
3071458
3071472
3071481
3071501
3071519
3071530
3071534
3071551
3071555
3071558
3071561
3072454
3072459
3072464
3072472
3072476
3072488
3072507
3072510
3072517
3072522
3072527
3072533
3072537
3072542
3073880
3073884
3073912
3073922
3073953_1665
3073953_1668
3073953_1669
3073993
3073999
3074920_2024
3074920_2025
3074920_2026
3074959_2385
3074959_2386
3074959_2387
3074959_2388
3074959_2389
3074995_2322
3074995_2323
3074995_2324
3074995_2325
3076039
3076053
3076067
3076085
3076122
3076147
3076542
3076556
3076570
3076580
3076593
3076603
3076613
3076622
3076659
3076680
3076689
3076698
3076709
3076724
3076925
3076936
3076946
3076959
3076965
3077006
3077021
3077039
3079221
3079227
3079243
3079268
3079288
3079301
3079318
3079335
3079344
3079353
3080625
3080643
3080659
3080687
3080713
3080730
3080750
3081208
3081223
3081236
3081252
3081287
3081345
3081349
3081354
3081358
3081364
3081377
3081723
3081733
3081743
3081756
3081766
3081777
3081790
3081821
3081832
3081839
3081848
3081851
3082288
3082441
3083218
3083231
3083246
3083259
3083276
3083336
3083359
3083385
3083827
3083836
3083844
3083860
3083870
3083876
3083897
3083905
3083957
3083987
3084002
3084011
3084022
3084029
3084294
3084300
3084312
3084323
3084346
3084355
3084365
3084378
3084391
3085554
3085563
3085584
3085597
3085617
3085639
3086045
3086052
3086058
3086063
3086079
3086096
3086109
3086161
3086168
3086175
3086182
3086190
3086201
3086208
3086578
3086595
3086601
3086615
3086627
3086634
3086645
3086653
3086662
3086676
3107807
3107818
3107822
3107826
3107831
3107842
3107856
3107863
3108324
3108333
3108337
3108365
3108385
3108393
3108830
3108840
3108851
3108866
3108872
3108880
3110064
3110087
3110105
3110150
3111077
3111084
3111091
3111105
3111121
3111132
3112456
3112473
3112496
3112512
3112523
3112537
3113047
3113056
3113062
3113074
3113092
3113112
3113123
3113140
3113173
3113195
3113847
3113854
3113860
3113872
3113902
3113913
3113924
3113930
3114269
3114284
3114295
3114305
3114313
3114405
3114421
3114437
3114730
3114753
3114783
3114806
3116102
3116108
3116115
3116119
3116126
3116135
3116728
3116736
3116741
3116764
3116776
3117174
3117178
3117185
3117188
3117194
3127408
3127420
3127428
3127441
3127448
3127453
3127463
3127945
3127964
3127975
3127993
3128349
3128357
3128369
3128383
3128389
3128820
3128832
3128846
3128855
3128870
3128886
3130130
3130142
3130154
3130166
3130182
3130190
3130197
3130203
3130802
3132162
3132169
3132189
3132224
3132233
3132240
3132249
3132738
3132766
3132783
3132795
3132814
3133247
3133253
3133270
3133276
3133285
3133293
3133307
3133693
3133714
3133729
3133735
3133742
3134143
3134156
3134615
3134634
3134646
3134662
3134678
3134711
3135277
3135319
3135342
3135382
3135393
3135866
3135888
3135913
3135925
3136289
3136298
3136306
3136318
3136323
3136328
3136334
3136828
3136841
3136864
3136880
3136895
3136905
3137308
3137328
3137335
3137350
3137364
3137787
3137804
3137825
3137840
3137856
3138330
3138959
3138977
3139015
3139025
3139030
3139613
3139622
3139643
3139668
3140167
3140182
3140191
3140196
3140211
3140223
3140235
3141201
3141204
3141207
3141220
3141734
3141743
3141749
3141760
3141768
3141777
3141794
3141805
3142127
3142134
3142143
3142150
3142158
3142192
3142211
3143095
3143109
3143146
3143163
3143171
3143179
3143182
3143470
3143474
3143487
3143494
3143503
3143868
3143873
3143880
3144621
3144632
3144647
3144654
3144681
3144694
3144710
3145128
3145146
3145167
3145183
3145201
3145207
3145213
3145797
3145807
3145849
3145857
3146212
3146228
3146234
3146238
3146643
3149942
3149961
3149972
3149989
3150023
3150032
3150035
3150043
3150556
3150627
3150640
3150648
3151030
3151048
3151057
3151082
3151091
3151107
3151111
3151547
3151557
3151567
3151579
3151589
3151596
3151602
3152354
3152358
3152373
3152396
3152416
3152439
3152447
3152764
3152775
3152789
3152806
3152811
3152822
3154159
3154184
3154212
3154225
3154881
3154900
3154920
3155307
3155327
3155343
3155351
3155358
3155766
3155798
3155817
3155830
3155845
3155858
3155869
3156209
3156219
3156232
3156262
3156270
3156657
3156670
3156788
3157283
3157308
3157326
3157337
3157354
3157742
3157758
3157768
3157781
3157787
3158216
3158239
3158259
3158301
3158310
3158322
3158647
3158655
3159523
3159532
3159549
3159558
3159565
3159579
3160091
3160099
3160105
3160122
3160138
3160555
3160564
3160579
3160587
3160597
3160614
3160627
3161508
3161517
3161565
3161591
3161606
3161689
3162157
3162162
3162178
3162186
3162200
3162210
3162226
3162247
3162257
3163338
3163346
3163353
3163363
3163372
3163382
3163391
3163401
3163409
3164291
3174196
3174378
3217264
3259929
3260070
3260105
3260107
3260112
3260122
3266536_2000
3266536_2001
3266633
3266665
3266694
3269744_3689
3269744_3690
3270249
3270300
3270324
3270372
3270397
3270495
3270511
3309370
3309382
3309436
3315388
3315491
3315540
3315894
3315924
3315957
3315983
3317008
3317036
3317084
3317142
3318453
3319010
3319017
3319041
3321877
3321897
3908770
469077
5174144
5174246
5174272
5174311
5348657
5519828
5519829_4340
5519829_4341
5519830
5519831
5519832
5519834
5519836
5520029
5520052
5520057
5520066_2320
5520066_2321
5520072
5520087
5520104
5520115
5544228
5545435
5545832
5546018
5546020
5547852
5555321
5566828
5595677
5596971
5596985
5597049
5599787
5600686
5600691
5601441
5601448
5602357
5614142
5614163
5614263
5614599
5614690
5614719
5614840
5743361
6062774
6068891
6068900
6068908
6068917
6068923
6068935
6068945
6068947
6068950
6068958
6068964
6069203
6069207
6272660
6272721_6466
6272721_6467
6272721_6468
6272721_6469
7043472
7043495
7134083
7134088_8250
7134088_8271
7134088_8298
7134088_8302
7134088_8316
7134088_8405
